chrII	81906	81956	YBL085W	1	+	50	0.10,0.10,0.11,0.11,0.11,0.11,0.12,0.12,0.13,0.14,0.14,0.14,0.14,0.14,0.16,0.16,0.17,0.17,0.17,0.17,0.18,0.18,0.18,0.18,0.18,0.18,0.19,0.20,0.20,0.19,0.19,0.19,0.19,0.19,0.20,0.20,0.20,0.20,0.20,0.20,0.20,0.21,0.21,0.21,0.21,0.21,0.21,0.22,0.22,0.22
chrII	222243	222293	YBL011W	1	+	50	0.13,0.13,0.13,0.14,0.14,0.14,0.14,0.15,0.15,0.15,0.15,0.15,0.16,0.16,0.17,0.18,0.19,0.19,0.19,0.19,0.19,0.19,0.19,0.19,0.19,0.19,0.19,0.19,0.20,0.20,0.20,0.20,0.19,0.19,0.19,0.19,0.19,0.19,0.20,0.20,0.20,0.21,0.22,0.22,0.23,0.23,0.23,0.23,0.23,0.23
chrII	473976	474026	YBR112C	1	-	50	0.06,0.06,0.06,0.06,0.06,0.06,0.06,0.06,0.06,0.06,0.06,0.06,0.06,0.06,0.06,0.06,0.06,0.06,0.06,0.06,0.06,0.06,0.07,0.08,0.08,0.08,0.08,0.09,0.09,0.09,0.09,0.10,0.10,0.10,0.10,0.10,0.10,0.10,0.10,0.10,0.10,0.10,0.10,0.10,0.10,0.10,0.10,0.10,0.10,0.10
chrII	475111	475161	YBR114W	1	+	50	0.10,0.10,0.10,0.09,0.09,0.09,0.09,0.09,0.09,0.09,0.10,0.10,0.09,0.09,0.09,0.09,0.08,0.08,0.08,0.08,0.08,0.08,0.08,0.08,0.09,0.09,0.09,0.10,0.10,0.10,0.10,0.10,0.10,0.10,0.10,0.10,0.10,0.10,0.10,0.10,0.10,0.10,0.10,0.10,0.10,0.10,0.10,0.10,0.09,0.09
chrII	608067	608117	YBR185C	1	-	50	0.08,0.08,0.08,0.08,0.09,0.10,0.11,0.11,0.11,0.11,0.11,0.11,0.11,0.11,0.11,0.11,0.11,0.11,0.11,0.11,0.12,0.12,0.12,0.12,0.12,0.13,0.13,0.13,0.13,0.14,0.14,0.14,0.15,0.15,0.16,0.16,0.17,0.17,0.17,0.17,0.17,0.17,0.16,0.16,0.16,0.17,0.17,0.17,0.17,0.17
chrII	737282	737332	YBR257W	1	+	50	0.13,0.13,0.13,0.13,0.12,0.12,0.12,0.13,0.14,0.14,0.14,0.14,0.14,0.15,0.15,0.16,0.16,0.16,0.16,0.16,0.15,0.15,0.16,0.16,0.16,0.15,0.15,0.14,0.15,0.15,0.13,0.13,0.13,0.13,0.13,0.13,0.14,0.14,0.14,0.14,0.14,0.14,0.14,0.15,0.15,0.15,0.15,0.15,0.15,0.15
chrII	776144	776194	YBR281C	1	-	50	0.03,0.03,0.03,0.03,0.04,0.04,0.04,0.04,0.04,0.04,0.04,0.04,0.04,0.04,0.04,0.04,0.04,0.04,0.05,0.05,0.05,0.05,0.05,0.05,0.05,0.05,0.06,0.07,0.07,0.07,0.07,0.07,0.07,0.08,0.08,0.08,0.08,0.08,0.08,0.08,0.08,0.08,0.09,0.09,0.09,0.09,0.09,0.09,0.09,0.09
chrIII	39434	39484	YCL050C	1	-	50	0.01,0.01,0.01,0.01,0.01,0.01,0.01,0.01,0.01,0.01,0.02,0.02,0.02,0.02,0.02,0.03,0.04,0.04,0.04,0.04,0.04,0.04,0.04,0.04,0.04,0.05,0.05,0.05,0.06,0.06,0.06,0.06,0.06,0.06,0.06,0.06,0.06,0.06,0.06,0.06,0.06,0.06,0.06,0.06,0.06,0.06,0.07,0.07,0.07,0.07
chrIV	159788	159838	YDL174C	1	-	50	0.34,0.34,0.34,0.34,0.35,0.36,0.36,0.35,0.36,0.35,0.35,0.35,0.35,0.35,0.35,0.35,0.36,0.36,0.37,0.38,0.37,0.38,0.40,0.40,0.40,0.40,0.39,0.41,0.41,0.41,0.41,0.43,0.43,0.44,0.45,0.47,0.47,0.48,0.49,0.49,0.49,0.49,0.49,0.49,0.49,0.49,0.49,0.50,0.51,0.51
chrIV	343017	343067	YDL070W	1	+	50	0.24,0.24,0.25,0.25,0.25,0.25,0.24,0.24,0.25,0.26,0.26,0.26,0.26,0.27,0.27,0.27,0.27,0.28,0.28,0.28,0.28,0.29,0.30,0.31,0.31,0.30,0.30,0.32,0.33,0.34,0.35,0.36,0.36,0.37,0.37,0.36,0.36,0.37,0.37,0.37,0.37,0.39,0.39,0.39,0.40,0.40,0.41,0.42,0.42,0.43
chrIV	568162	568212	YDR060W	1	+	50	0.07,0.07,0.07,0.07,0.07,0.07,0.07,0.07,0.07,0.07,0.07,0.07,0.07,0.07,0.07,0.07,0.07,0.07,0.07,0.07,0.07,0.07,0.07,0.07,0.07,0.08,0.08,0.08,0.08,0.08,0.07,0.07,0.07,0.07,0.07,0.07,0.08,0.08,0.08,0.08,0.08,0.07,0.06,0.07,0.07,0.07,0.07,0.07,0.07,0.07
chrIV	886293	886343	YDR222W	1	+	50	0.52,0.52,0.50,0.51,0.50,0.52,0.52,0.54,0.54,0.55,0.55,0.56,0.56,0.56,0.55,0.55,0.55,0.55,0.57,0.57,0.59,0.58,0.58,0.58,0.58,0.59,0.60,0.59,0.58,0.59,0.58,0.60,0.60,0.61,0.60,0.60,0.61,0.61,0.61,0.62,0.61,0.61,0.61,0.62,0.64,0.64,0.66,0.67,0.68,0.68
chrIV	1412747	1412797	YDR501W	1	+	50	0.12,0.13,0.13,0.13,0.14,0.14,0.14,0.14,0.14,0.14,0.14,0.14,0.15,0.14,0.14,0.14,0.14,0.13,0.13,0.13,0.14,0.14,0.14,0.14,0.14,0.14,0.15,0.15,0.15,0.15,0.15,0.15,0.15,0.15,0.16,0.16,0.16,0.16,0.16,0.17,0.18,0.18,0.18,0.19,0.19,0.20,0.20,0.20,0.20,0.20
chrV	124867	124917	YEL025C	1	-	50	0.20,0.20,0.20,0.20,0.20,0.20,0.20,0.20,0.19,0.19,0.19,0.19,0.19,0.20,0.20,0.20,0.19,0.19,0.20,0.21,0.21,0.21,0.21,0.21,0.21,0.20,0.20,0.20,0.20,0.20,0.20,0.21,0.21,0.21,0.22,0.22,0.22,0.23,0.23,0.23,0.22,0.22,0.22,0.22,0.22,0.23,0.23,0.23,0.23,0.23
chrV	146012	146062	YEL015W	1	+	50	0.15,0.14,0.15,0.15,0.15,0.15,0.15,0.15,0.15,0.16,0.16,0.17,0.18,0.18,0.19,0.20,0.21,0.22,0.22,0.23,0.23,0.23,0.25,0.25,0.25,0.26,0.26,0.26,0.27,0.29,0.29,0.30,0.31,0.31,0.31,0.31,0.32,0.33,0.33,0.33,0.33,0.33,0.34,0.36,0.37,0.37,0.37,0.38,0.38,0.38
chrV	405566	405616	YER111C	1	-	50	0.07,0.07,0.07,0.07,0.07,0.07,0.07,0.07,0.07,0.07,0.07,0.07,0.07,0.07,0.07,0.07,0.07,0.07,0.07,0.07,0.07,0.07,0.06,0.06,0.06,0.06,0.06,0.06,0.07,0.07,0.07,0.07,0.07,0.07,0.07,0.07,0.07,0.06,0.06,0.06,0.06,0.06,0.06,0.06,0.06,0.06,0.06,0.06,0.07,0.07
chrVI	79443	79493	YFL036W	1	+	50	0.09,0.09,0.09,0.09,0.09,0.09,0.09,0.09,0.09,0.08,0.08,0.09,0.09,0.09,0.09,0.09,0.09,0.09,0.09,0.09,0.09,0.09,0.09,0.09,0.09,0.09,0.09,0.10,0.10,0.10,0.11,0.11,0.11,0.11,0.11,0.11,0.10,0.10,0.12,0.12,0.12,0.13,0.13,0.14,0.14,0.14,0.14,0.14,0.14,0.14
chrVII	312009	312059	YGL103W	1	+	50	0.38,0.38,0.40,0.40,0.41,0.42,0.43,0.43,0.43,0.43,0.46,0.47,0.47,0.48,0.50,0.51,0.52,0.51,0.53,0.53,0.53,0.53,0.52,0.53,0.53,0.53,0.53,0.53,0.55,0.57,0.58,0.58,0.59,0.59,0.58,0.60,0.60,0.60,0.61,0.61,0.62,0.64,0.64,0.64,0.64,0.65,0.67,0.67,0.67,0.67
chrVII	322432	322482	YGL097W	1	+	50	0.10,0.10,0.09,0.10,0.10,0.10,0.11,0.11,0.11,0.11,0.11,0.11,0.11,0.10,0.10,0.10,0.10,0.11,0.11,0.11,0.12,0.11,0.11,0.12,0.12,0.12,0.11,0.11,0.11,0.11,0.11,0.11,0.11,0.12,0.12,0.12,0.12,0.12,0.12,0.12,0.12,0.12,0.12,0.13,0.14,0.15,0.17,0.17,0.17,0.17
chrVII	873750	873800	YGR194C	1	-	50	0.20,0.20,0.20,0.20,0.21,0.22,0.21,0.21,0.22,0.22,0.22,0.22,0.20,0.20,0.20,0.20,0.20,0.19,0.19,0.19,0.19,0.19,0.19,0.20,0.19,0.19,0.18,0.18,0.18,0.19,0.19,0.19,0.19,0.19,0.19,0.18,0.18,0.18,0.18,0.18,0.17,0.17,0.18,0.19,0.19,0.20,0.21,0.20,0.21,0.21
chrVII	997809	997859	YGR260W	1	+	50	0.03,0.03,0.03,0.03,0.03,0.03,0.03,0.03,0.03,0.03,0.03,0.03,0.03,0.03,0.03,0.03,0.03,0.03,0.02,0.02,0.02,0.02,0.02,0.02,0.02,0.02,0.02,0.02,0.02,0.02,0.02,0.02,0.03,0.03,0.03,0.03,0.03,0.03,0.03,0.03,0.03,0.03,0.03,0.03,0.04,0.04,0.04,0.04,0.04,0.04
chrVII	1007482	1007532	YGR264C	1	-	50	0.06,0.06,0.06,0.06,0.06,0.07,0.07,0.07,0.07,0.07,0.07,0.07,0.07,0.07,0.07,0.07,0.07,0.07,0.07,0.07,0.08,0.09,0.09,0.09,0.09,0.10,0.10,0.10,0.10,0.10,0.11,0.12,0.12,0.12,0.13,0.13,0.13,0.13,0.13,0.13,0.13,0.14,0.14,0.14,0.15,0.15,0.15,0.15,0.16,0.16
chrVII	1008128	1008178	YGR266W	1	+	50	0.07,0.06,0.06,0.06,0.06,0.06,0.06,0.06,0.06,0.05,0.05,0.06,0.07,0.07,0.07,0.07,0.07,0.07,0.07,0.07,0.08,0.08,0.08,0.08,0.08,0.08,0.08,0.08,0.08,0.08,0.09,0.09,0.09,0.09,0.09,0.09,0.10,0.10,0.11,0.12,0.12,0.12,0.12,0.12,0.13,0.13,0.13,0.14,0.14,0.14
chrVII	1038157	1038207	YGR281W	1	+	50	0.13,0.13,0.13,0.13,0.13,0.13,0.13,0.13,0.13,0.13,0.13,0.13,0.13,0.13,0.13,0.13,0.13,0.13,0.13,0.13,0.13,0.14,0.14,0.14,0.13,0.13,0.13,0.14,0.14,0.14,0.14,0.14,0.14,0.13,0.14,0.13,0.13,0.12,0.12,0.12,0.12,0.12,0.12,0.12,0.12,0.12,0.12,0.12,0.12,0.11
chrVIII	114036	114086	YHR006W	1	+	50	0.12,0.12,0.12,0.12,0.12,0.13,0.13,0.14,0.15,0.15,0.16,0.16,0.16,0.17,0.17,0.17,0.17,0.17,0.17,0.18,0.18,0.18,0.18,0.18,0.18,0.18,0.18,0.18,0.19,0.19,0.19,0.19,0.19,0.19,0.21,0.22,0.22,0.22,0.22,0.23,0.23,0.24,0.24,0.24,0.24,0.25,0.26,0.27,0.28,0.28
chrVIII	127815	127865	YHR013C	1	-	50	0.09,0.09,0.09,0.08,0.08,0.07,0.08,0.08,0.08,0.08,0.08,0.09,0.10,0.10,0.09,0.09,0.09,0.09,0.09,0.09,0.09,0.09,0.09,0.09,0.09,0.09,0.09,0.09,0.09,0.09,0.09,0.09,0.09,0.09,0.09,0.09,0.10,0.09,0.09,0.09,0.09,0.08,0.08,0.08,0.08,0.08,0.08,0.08,0.08,0.08
chrVIII	229355	229405	YHR071W	1	+	50	0.09,0.09,0.09,0.09,0.10,0.10,0.10,0.10,0.10,0.10,0.10,0.10,0.11,0.11,0.12,0.11,0.12,0.12,0.12,0.12,0.12,0.12,0.12,0.13,0.14,0.14,0.15,0.15,0.15,0.16,0.17,0.18,0.18,0.18,0.19,0.19,0.19,0.19,0.19,0.19,0.19,0.19,0.21,0.21,0.21,0.21,0.22,0.23,0.23,0.23
chrIX	68301	68351	YIL144W	1	+	50	0.13,0.13,0.13,0.14,0.14,0.14,0.14,0.13,0.14,0.14,0.14,0.14,0.14,0.15,0.15,0.14,0.15,0.14,0.13,0.13,0.14,0.15,0.15,0.15,0.15,0.15,0.15,0.16,0.16,0.16,0.16,0.16,0.16,0.17,0.17,0.17,0.17,0.19,0.19,0.20,0.20,0.20,0.20,0.21,0.21,0.22,0.23,0.23,0.24,0.24
chrIX	277024	277074	YIL031W	1	+	50	0.09,0.09,0.10,0.10,0.10,0.10,0.10,0.10,0.10,0.10,0.10,0.10,0.11,0.11,0.12,0.12,0.12,0.12,0.12,0.12,0.13,0.13,0.13,0.13,0.13,0.13,0.14,0.14,0.14,0.14,0.14,0.13,0.13,0.13,0.14,0.14,0.14,0.15,0.16,0.16,0.16,0.16,0.16,0.16,0.16,0.16,0.16,0.16,0.16,0.17
chrX	78449	78499	YJL196C	1	-	50	0.05,0.05,0.05,0.05,0.05,0.05,0.05,0.05,0.05,0.05,0.05,0.05,0.05,0.05,0.05,0.05,0.05,0.05,0.05,0.05,0.05,0.06,0.07,0.07,0.07,0.07,0.07,0.07,0.07,0.07,0.07,0.08,0.08,0.08,0.08,0.08,0.08,0.08,0.08,0.08,0.08,0.09,0.09,0.10,0.10,0.10,0.10,0.10,0.10,0.10
chrX	288349	288399	YJL084C	1	-	50	0.08,0.08,0.08,0.08,0.08,0.08,0.08,0.08,0.08,0.08,0.08,0.08,0.08,0.08,0.08,0.08,0.08,0.08,0.08,0.08,0.08,0.08,0.08,0.08,0.08,0.08,0.08,0.08,0.08,0.09,0.09,0.09,0.09,0.09,0.09,0.09,0.09,0.09,0.09,0.09,0.09,0.10,0.10,0.10,0.10,0.10,0.10,0.10,0.10,0.10
chrX	288942	288992	YJL083W	1	+	50	0.05,0.05,0.05,0.05,0.06,0.06,0.06,0.06,0.06,0.06,0.06,0.06,0.06,0.06,0.06,0.06,0.06,0.06,0.06,0.06,0.06,0.06,0.06,0.06,0.06,0.06,0.06,0.06,0.06,0.06,0.06,0.06,0.06,0.06,0.06,0.06,0.06,0.06,0.07,0.07,0.07,0.07,0.06,0.07,0.08,0.08,0.08,0.08,0.08,0.08
chrX	443687	443737	YJL003W	1	+	50	0.08,0.08,0.08,0.08,0.08,0.08,0.08,0.08,0.08,0.08,0.08,0.09,0.09,0.09,0.09,0.09,0.10,0.10,0.10,0.11,0.13,0.13,0.13,0.13,0.14,0.14,0.14,0.14,0.15,0.15,0.15,0.15,0.15,0.15,0.15,0.17,0.17,0.17,0.17,0.18,0.18,0.18,0.18,0.18,0.19,0.20,0.20,0.20,0.20,0.20
chrX	577812	577862	YJR077C	1	-	50	0.26,0.27,0.27,0.29,0.29,0.30,0.31,0.31,0.32,0.34,0.35,0.36,0.35,0.36,0.37,0.38,0.39,0.39,0.40,0.40,0.40,0.41,0.41,0.42,0.43,0.42,0.43,0.45,0.46,0.46,0.47,0.48,0.50,0.51,0.51,0.52,0.53,0.54,0.55,0.56,0.56,0.56,0.58,0.59,0.60,0.61,0.62,0.62,0.63,0.65
chrX	684081	684131	YJR138W	1	+	50	0.05,0.05,0.05,0.05,0.05,0.05,0.05,0.05,0.05,0.05,0.05,0.05,0.05,0.05,0.05,0.05,0.05,0.05,0.05,0.05,0.05,0.05,0.06,0.06,0.06,0.06,0.06,0.06,0.06,0.06,0.06,0.06,0.06,0.06,0.06,0.06,0.06,0.06,0.06,0.07,0.07,0.07,0.07,0.07,0.07,0.07,0.08,0.08,0.08,0.08
chrXI	219465	219515	YKL122C	1	-	50	0.09,0.09,0.09,0.09,0.09,0.09,0.09,0.09,0.08,0.09,0.09,0.09,0.09,0.10,0.10,0.09,0.10,0.10,0.10,0.10,0.10,0.11,0.11,0.11,0.12,0.12,0.12,0.13,0.13,0.13,0.13,0.14,0.14,0.13,0.13,0.13,0.13,0.13,0.13,0.13,0.13,0.13,0.14,0.14,0.15,0.15,0.15,0.15,0.15,0.15
chrXII	80873	80923	YLL031C	1	-	50	0.03,0.03,0.03,0.03,0.03,0.04,0.04,0.04,0.04,0.04,0.04,0.04,0.04,0.04,0.05,0.05,0.06,0.06,0.06,0.06,0.06,0.06,0.06,0.06,0.06,0.06,0.06,0.06,0.06,0.06,0.06,0.06,0.06,0.06,0.06,0.06,0.06,0.06,0.06,0.06,0.07,0.08,0.08,0.08,0.08,0.08,0.08,0.08,0.08,0.08
chrXII	371867	371917	YLR114C	1	-	50	0.09,0.09,0.09,0.09,0.10,0.10,0.10,0.10,0.10,0.10,0.10,0.11,0.11,0.13,0.13,0.14,0.14,0.14,0.13,0.13,0.13,0.14,0.14,0.13,0.14,0.14,0.14,0.14,0.14,0.14,0.14,0.14,0.14,0.14,0.14,0.15,0.16,0.16,0.16,0.16,0.16,0.16,0.16,0.16,0.16,0.16,0.17,0.16,0.16,0.16
chrXII	624738	624788	YLR259C	1	-	50	0.16,0.16,0.16,0.17,0.18,0.18,0.18,0.18,0.18,0.18,0.18,0.18,0.18,0.18,0.18,0.18,0.18,0.18,0.18,0.18,0.19,0.20,0.20,0.20,0.21,0.21,0.21,0.21,0.21,0.21,0.21,0.21,0.21,0.21,0.21,0.23,0.24,0.24,0.24,0.24,0.24,0.25,0.25,0.25,0.25,0.26,0.27,0.28,0.28,0.28
chrXII	625367	625417	YLR260W	1	+	50	0.13,0.13,0.12,0.12,0.12,0.11,0.11,0.11,0.11,0.11,0.11,0.11,0.11,0.10,0.11,0.11,0.11,0.11,0.11,0.11,0.11,0.11,0.11,0.11,0.11,0.11,0.11,0.11,0.11,0.11,0.11,0.11,0.11,0.11,0.11,0.11,0.11,0.11,0.11,0.11,0.10,0.10,0.10,0.10,0.10,0.09,0.09,0.09,0.09,0.09
chrXII	651502	651552	YLR274W	1	+	50	0.07,0.07,0.07,0.08,0.08,0.08,0.08,0.08,0.08,0.09,0.09,0.09,0.09,0.10,0.09,0.09,0.09,0.09,0.09,0.09,0.09,0.09,0.09,0.09,0.09,0.09,0.09,0.09,0.09,0.09,0.09,0.09,0.09,0.10,0.10,0.10,0.10,0.11,0.11,0.11,0.11,0.11,0.11,0.12,0.13,0.13,0.13,0.13,0.13,0.13
chrXIII	41309	41359	YML111W	1	+	50	0.06,0.06,0.06,0.07,0.07,0.07,0.07,0.07,0.08,0.09,0.09,0.09,0.10,0.10,0.11,0.11,0.10,0.10,0.10,0.10,0.10,0.10,0.11,0.12,0.12,0.12,0.12,0.13,0.13,0.13,0.13,0.12,0.13,0.13,0.13,0.15,0.15,0.16,0.16,0.17,0.17,0.17,0.17,0.17,0.18,0.17,0.17,0.18,0.18,0.18
chrXIII	113561	113611	YML075C	1	-	50	0.12,0.12,0.13,0.13,0.13,0.12,0.12,0.11,0.11,0.11,0.11,0.11,0.11,0.12,0.12,0.13,0.13,0.13,0.13,0.14,0.14,0.14,0.15,0.15,0.15,0.15,0.15,0.15,0.14,0.14,0.15,0.15,0.15,0.15,0.16,0.16,0.17,0.18,0.18,0.18,0.19,0.19,0.19,0.19,0.19,0.20,0.21,0.21,0.21,0.21
chrXIII	438259	438309	YMR100W	1	+	50	0.11,0.12,0.12,0.11,0.10,0.10,0.10,0.11,0.11,0.11,0.11,0.11,0.11,0.11,0.11,0.11,0.11,0.11,0.11,0.11,0.11,0.11,0.12,0.12,0.12,0.12,0.12,0.12,0.13,0.14,0.14,0.14,0.14,0.14,0.14,0.14,0.14,0.14,0.14,0.14,0.14,0.15,0.15,0.15,0.15,0.15,0.16,0.16,0.16,0.16
chrXIII	483872	483922	YMR122W-A	1	+	50	0.61,0.61,0.62,0.63,0.63,0.63,0.65,0.66,0.67,0.67,0.68,0.69,0.71,0.72,0.73,0.75,0.77,0.78,0.79,0.80,0.82,0.83,0.81,0.81,0.82,0.83,0.85,0.87,0.87,0.88,0.89,0.91,0.91,0.92,0.94,0.94,0.95,0.95,0.95,0.95,0.95,0.95,0.96,0.97,0.96,0.98,0.98,0.99,0.99,1.01
chrXIII	657459	657509	YMR208W	1	+	50	0.17,0.17,0.16,0.16,0.16,0.16,0.16,0.16,0.17,0.17,0.18,0.19,0.19,0.19,0.19,0.19,0.19,0.19,0.19,0.19,0.19,0.19,0.20,0.20,0.20,0.21,0.21,0.21,0.21,0.22,0.24,0.24,0.24,0.24,0.24,0.24,0.24,0.25,0.25,0.26,0.26,0.26,0.27,0.27,0.27,0.27,0.28,0.28,0.28,0.28
chrXIV	61876	61926	YNL305C	1	-	50	0.09,0.09,0.09,0.09,0.09,0.08,0.08,0.08,0.08,0.08,0.09,0.09,0.09,0.09,0.10,0.11,0.11,0.11,0.11,0.11,0.11,0.11,0.11,0.11,0.11,0.11,0.11,0.12,0.12,0.12,0.12,0.12,0.12,0.12,0.13,0.13,0.13,0.13,0.13,0.13,0.13,0.13,0.13,0.14,0.14,0.14,0.14,0.14,0.14,0.14
chrXIV	613503	613553	YNL015W	1	+	50	0.06,0.06,0.07,0.07,0.07,0.07,0.08,0.08,0.08,0.09,0.10,0.11,0.11,0.11,0.11,0.12,0.12,0.12,0.11,0.11,0.12,0.12,0.12,0.12,0.12,0.13,0.13,0.13,0.13,0.13,0.13,0.13,0.13,0.13,0.13,0.13,0.13,0.13,0.14,0.14,0.14,0.14,0.14,0.15,0.15,0.15,0.15,0.15,0.15,0.15
chrXIV	671464	671514	YNR017W	1	+	50	0.03,0.03,0.03,0.03,0.03,0.03,0.03,0.03,0.03,0.03,0.03,0.03,0.04,0.04,0.04,0.04,0.04,0.04,0.05,0.05,0.05,0.05,0.05,0.05,0.05,0.05,0.05,0.05,0.05,0.05,0.05,0.05,0.05,0.05,0.05,0.05,0.05,0.05,0.05,0.04,0.04,0.04,0.04,0.04,0.04,0.04,0.04,0.04,0.04,0.04
chrXV	55883	55933	YOL135C	1	-	50	0.09,0.09,0.09,0.09,0.09,0.10,0.10,0.10,0.10,0.10,0.10,0.10,0.10,0.10,0.10,0.10,0.10,0.10,0.11,0.11,0.11,0.10,0.11,0.11,0.11,0.11,0.11,0.11,0.11,0.11,0.11,0.10,0.10,0.10,0.10,0.10,0.10,0.10,0.10,0.10,0.10,0.10,0.10,0.11,0.11,0.10,0.10,0.10,0.10,0.10
chrXV	104033	104083	YOL103W	1	+	50	0.04,0.04,0.04,0.04,0.04,0.04,0.04,0.04,0.04,0.04,0.04,0.04,0.04,0.04,0.04,0.04,0.04,0.05,0.05,0.06,0.06,0.06,0.06,0.06,0.06,0.06,0.06,0.06,0.06,0.07,0.08,0.08,0.08,0.08,0.08,0.08,0.08,0.08,0.08,0.08,0.08,0.08,0.08,0.08,0.08,0.08,0.09,0.09,0.09,0.09
chrXV	109222	109272	YOL100W	1	+	50	0.10,0.10,0.10,0.10,0.10,0.10,0.10,0.10,0.10,0.10,0.10,0.10,0.10,0.12,0.12,0.12,0.12,0.12,0.12,0.12,0.13,0.13,0.14,0.14,0.14,0.15,0.15,0.15,0.15,0.15,0.15,0.15,0.15,0.15,0.16,0.16,0.16,0.16,0.16,0.17,0.17,0.17,0.17,0.17,0.17,0.17,0.17,0.17,0.17,0.17
chrXV	305009	305059	YOL002C	1	-	50	0.15,0.14,0.14,0.14,0.14,0.14,0.15,0.15,0.15,0.15,0.15,0.16,0.16,0.16,0.16,0.16,0.16,0.16,0.17,0.17,0.17,0.17,0.18,0.18,0.20,0.20,0.20,0.20,0.20,0.19,0.19,0.19,0.19,0.19,0.20,0.20,0.20,0.20,0.20,0.20,0.20,0.20,0.20,0.21,0.21,0.21,0.21,0.21,0.21,0.21
chrXV	352534	352584	YOR020W-A	1	+	50	0.08,0.07,0.07,0.07,0.07,0.07,0.07,0.07,0.07,0.07,0.07,0.09,0.09,0.09,0.09,0.09,0.09,0.09,0.09,0.09,0.09,0.09,0.09,0.09,0.09,0.10,0.10,0.11,0.13,0.13,0.13,0.13,0.13,0.13,0.13,0.14,0.14,0.14,0.14,0.14,0.14,0.13,0.13,0.13,0.13,0.14,0.14,0.15,0.15,0.17
chrXV	453393	453443	YOR076C	1	-	50	0.15,0.15,0.16,0.16,0.16,0.17,0.17,0.17,0.18,0.19,0.20,0.20,0.20,0.20,0.20,0.22,0.22,0.22,0.22,0.22,0.22,0.22,0.22,0.21,0.21,0.21,0.21,0.22,0.22,0.21,0.21,0.21,0.21,0.22,0.22,0.22,0.22,0.22,0.23,0.23,0.23,0.23,0.23,0.23,0.24,0.24,0.25,0.26,0.26,0.26
chrXV	767367	767417	YOR246C	1	-	50	0.16,0.16,0.16,0.15,0.16,0.16,0.17,0.18,0.18,0.18,0.18,0.18,0.18,0.20,0.21,0.22,0.22,0.23,0.23,0.23,0.23,0.24,0.24,0.24,0.23,0.23,0.23,0.23,0.23,0.22,0.22,0.24,0.24,0.24,0.25,0.26,0.26,0.26,0.26,0.26,0.26,0.27,0.27,0.28,0.29,0.29,0.28,0.28,0.29,0.28
chrXV	830884	830934	YOR290C	1	-	50	0.19,0.19,0.19,0.18,0.19,0.19,0.20,0.20,0.19,0.19,0.19,0.19,0.18,0.18,0.18,0.18,0.18,0.18,0.18,0.17,0.17,0.17,0.17,0.17,0.16,0.18,0.18,0.18,0.18,0.19,0.19,0.20,0.20,0.20,0.20,0.20,0.20,0.20,0.20,0.20,0.19,0.19,0.20,0.20,0.20,0.20,0.20,0.21,0.21,0.21
chrXV	885683	885733	YOR320C	1	-	50	0.10,0.10,0.10,0.10,0.10,0.10,0.11,0.11,0.11,0.11,0.10,0.10,0.09,0.09,0.10,0.10,0.10,0.10,0.10,0.11,0.11,0.11,0.11,0.12,0.12,0.13,0.12,0.12,0.12,0.12,0.12,0.12,0.12,0.12,0.12,0.12,0.12,0.12,0.12,0.12,0.11,0.11,0.11,0.12,0.12,0.12,0.12,0.12,0.12,0.12
chrXV	886412	886462	YOR321W	1	+	50	0.11,0.11,0.11,0.11,0.11,0.12,0.12,0.12,0.12,0.12,0.12,0.12,0.13,0.13,0.14,0.14,0.14,0.15,0.16,0.16,0.16,0.16,0.16,0.16,0.16,0.17,0.17,0.18,0.18,0.18,0.19,0.19,0.20,0.20,0.19,0.20,0.20,0.20,0.20,0.20,0.20,0.20,0.20,0.20,0.20,0.20,0.20,0.20,0.20,0.20
chrXV	959447	959497	YOR350C	1	-	50	0.07,0.07,0.07,0.07,0.07,0.07,0.07,0.07,0.07,0.07,0.07,0.07,0.06,0.06,0.05,0.05,0.04,0.04,0.04,0.04,0.04,0.04,0.04,0.04,0.04,0.04,0.04,0.04,0.04,0.04,0.04,0.04,0.04,0.04,0.04,0.04,0.04,0.04,0.04,0.04,0.04,0.04,0.04,0.04,0.04,0.04,0.04,0.04,0.04,0.04
chrXV	961643	961693	YOR352W	1	+	50	0.16,0.16,0.16,0.16,0.16,0.16,0.16,0.16,0.17,0.17,0.17,0.17,0.17,0.17,0.17,0.17,0.17,0.17,0.16,0.17,0.17,0.17,0.17,0.18,0.18,0.18,0.18,0.19,0.19,0.19,0.19,0.20,0.20,0.20,0.21,0.21,0.21,0.22,0.22,0.22,0.22,0.23,0.22,0.22,0.22,0.22,0.23,0.23,0.23,0.23
chrXV	967804	967854	YOR354C	1	-	50	0.10,0.10,0.10,0.10,0.10,0.11,0.11,0.11,0.12,0.11,0.12,0.12,0.12,0.12,0.12,0.12,0.13,0.13,0.13,0.14,0.14,0.14,0.14,0.15,0.14,0.14,0.14,0.15,0.15,0.15,0.16,0.17,0.17,0.17,0.17,0.17,0.18,0.18,0.18,0.18,0.19,0.19,0.19,0.19,0.20,0.20,0.20,0.20,0.20,0.20
chrXVI	25046	25096	YPL274W	1	+	50	0.43,0.45,0.46,0.47,0.47,0.47,0.46,0.45,0.45,0.47,0.48,0.48,0.49,0.48,0.47,0.48,0.48,0.48,0.49,0.49,0.50,0.49,0.51,0.52,0.52,0.52,0.52,0.52,0.52,0.52,0.52,0.52,0.52,0.52,0.52,0.52,0.52,0.52,0.51,0.51,0.51,0.51,0.52,0.52,0.51,0.52,0.53,0.53,0.54,0.54
chrXVI	242821	242871	YPL163C	1	-	50	0.23,0.23,0.23,0.25,0.25,0.25,0.25,0.25,0.26,0.26,0.27,0.27,0.27,0.27,0.27,0.27,0.27,0.27,0.27,0.27,0.27,0.26,0.27,0.27,0.27,0.27,0.27,0.27,0.27,0.28,0.28,0.28,0.29,0.29,0.29,0.29,0.30,0.30,0.30,0.30,0.30,0.30,0.30,0.30,0.30,0.30,0.30,0.31,0.31,0.31
chrXVI	246985	247035	YPL160W	1	+	50	0.06,0.05,0.06,0.06,0.06,0.06,0.06,0.06,0.06,0.06,0.06,0.07,0.07,0.07,0.07,0.08,0.08,0.08,0.08,0.08,0.08,0.08,0.08,0.08,0.07,0.07,0.07,0.07,0.07,0.07,0.07,0.08,0.08,0.08,0.09,0.09,0.09,0.09,0.09,0.09,0.09,0.09,0.09,0.09,0.09,0.09,0.10,0.11,0.11,0.11
chrXVI	265031	265081	YPL152W	1	+	50	0.07,0.07,0.07,0.08,0.08,0.08,0.09,0.09,0.10,0.10,0.09,0.09,0.10,0.10,0.10,0.11,0.11,0.11,0.11,0.11,0.11,0.11,0.11,0.11,0.12,0.12,0.11,0.11,0.11,0.11,0.11,0.12,0.13,0.15,0.15,0.15,0.16,0.16,0.16,0.16,0.16,0.16,0.16,0.17,0.17,0.17,0.17,0.17,0.18,0.19
chrXVI	322087	322137	YPL120W	1	+	50	0.12,0.12,0.11,0.11,0.11,0.11,0.11,0.11,0.11,0.11,0.11,0.11,0.12,0.12,0.12,0.12,0.12,0.12,0.11,0.11,0.11,0.11,0.11,0.12,0.12,0.12,0.12,0.12,0.12,0.14,0.14,0.14,0.14,0.14,0.14,0.15,0.16,0.16,0.16,0.16,0.16,0.17,0.17,0.18,0.17,0.17,0.17,0.19,0.19,0.19
chrXVI	387590	387640	YPL088W	1	+	50	0.03,0.03,0.03,0.03,0.03,0.03,0.03,0.03,0.03,0.03,0.03,0.03,0.03,0.03,0.03,0.03,0.03,0.03,0.03,0.03,0.03,0.03,0.03,0.03,0.03,0.03,0.03,0.03,0.03,0.03,0.03,0.03,0.03,0.03,0.03,0.03,0.03,0.03,0.03,0.03,0.03,0.03,0.03,0.03,0.03,0.03,0.03,0.03,0.03,0.03
chrXVI	585328	585378	YPR013C	1	-	50	0.07,0.07,0.07,0.07,0.07,0.07,0.07,0.07,0.06,0.06,0.06,0.06,0.06,0.07,0.07,0.07,0.07,0.07,0.07,0.07,0.07,0.07,0.07,0.07,0.08,0.08,0.08,0.08,0.09,0.09,0.09,0.09,0.09,0.09,0.09,0.09,0.08,0.08,0.08,0.08,0.09,0.09,0.09,0.09,0.09,0.09,0.09,0.09,0.09,0.09
chrXVI	626901	626951	YPR029C	1	-	50	0.12,0.11,0.10,0.10,0.10,0.10,0.10,0.10,0.10,0.11,0.12,0.11,0.11,0.12,0.11,0.10,0.10,0.10,0.10,0.10,0.10,0.11,0.10,0.10,0.10,0.10,0.10,0.10,0.11,0.11,0.11,0.11,0.12,0.12,0.12,0.12,0.12,0.13,0.13,0.12,0.13,0.13,0.13,0.13,0.13,0.13,0.14,0.14,0.15,0.15
chrXVI	865412	865462	YPR164W	1	+	50	0.08,0.08,0.08,0.08,0.08,0.07,0.07,0.07,0.07,0.08,0.07,0.08,0.09,0.09,0.09,0.09,0.09,0.09,0.09,0.09,0.09,0.09,0.10,0.10,0.10,0.10,0.10,0.10,0.10,0.10,0.10,0.10,0.09,0.09,0.09,0.09,0.09,0.10,0.10,0.10,0.10,0.10,0.10,0.10,0.10,0.11,0.11,0.11,0.10,0.10
chrIII	24920	24970	YCL057C-A	1	-	50	0.09,0.09,0.09,0.10,0.10,0.10,0.10,0.10,0.10,0.10,0.09,0.09,0.10,0.11,0.11,0.12,0.12,0.12,0.12,0.12,0.12,0.12,0.12,0.12,0.13,0.14,0.14,0.14,0.14,0.14,0.14,0.15,0.15,0.15,0.15,0.15,0.15,0.15,0.15,0.17,0.16,0.16,0.16,0.17,0.17,0.17,0.17,0.18,0.18,0.18
chrXII	372458	372508	YLR115W	1	+	50	0.05,0.05,0.05,0.05,0.05,0.05,0.06,0.06,0.06,0.06,0.06,0.07,0.07,0.07,0.08,0.08,0.08,0.08,0.08,0.08,0.07,0.08,0.08,0.08,0.08,0.08,0.08,0.08,0.08,0.09,0.10,0.11,0.11,0.10,0.10,0.11,0.11,0.11,0.11,0.12,0.12,0.12,0.12,0.13,0.13,0.13,0.13,0.13,0.13,0.13
chrXII	740963	741013	YLR325C	1	-	50	0.26,0.26,0.27,0.27,0.28,0.29,0.29,0.29,0.29,0.29,0.29,0.29,0.29,0.31,0.31,0.32,0.32,0.33,0.33,0.33,0.34,0.36,0.38,0.38,0.38,0.38,0.39,0.39,0.40,0.40,0.41,0.42,0.42,0.42,0.43,0.45,0.45,0.46,0.46,0.46,0.46,0.46,0.46,0.46,0.46,0.46,0.47,0.48,0.48,0.48
